     1.000
     0.997
     0.903
     0.891
     0.878
     0.781
     0.702
     0.653
     0.644
     0.553
     0.524
     0.517
     0.477
     0.474
     0.470
     0.460
     0.458
     0.456
     0.451
     0.422
     0.412
     0.404
     0.368
     0.360
     0.342
     0.325
     0.321
     0.315
     0.303
     0.291
     0.282
     0.259
     0.259
     0.254
     0.252
     0.227
     0.222
     0.190
     0.188
     0.186
     0.182
     0.180
     0.179
     0.169
     0.161
     0.159
     0.155
     0.145
     0.133
     0.130
     0.102
     0.102
     0.094
     0.089
     0.088
     0.085
     0.085
     0.082
     0.076
     0.075
     0.069
     0.069
     0.068
     0.067
     0.067
     0.067
     0.065
     0.063
     0.058
     0.056
     0.056
     0.055
     0.051
     0.046
     0.045
     0.044
     0.044
     0.040
     0.039
     0.039
     0.037
     0.037
     0.036
     0.031
     0.031
     0.029
     0.029
     0.027
     0.027
     0.027
     0.026
     0.026
     0.026
     0.026
     0.025
     0.025
     0.024
     0.023
     0.022
     0.022
     0.022
     0.021
     0.020
     0.019
     0.018
     0.017
     0.017
     0.016
     0.016
     0.016
     0.015
     0.014
     0.014
     0.014
     0.013
     0.011
     0.010
     0.010
     0.009
     0.009
     0.009
     0.008
     0.008
     0.008
     0.007
     0.007
     0.007
     0.007
     0.006
     0.005
     0.005
     0.005
     0.005
     0.005
     0.004
     0.004
     0.004
     0.004
     0.003
     0.003
     0.003
     0.003
     0.003
     0.003
     0.003
     0.002
     0.002
     0.002
     0.002
     0.002
     0.002
     0.002
     0.002
     0.002
     0.002
     0.002
     0.002
     0.002
     0.001
     0.001
     0.001
     0.001
     0.001
     0.001
     0.001
     0.001
     0.001
     0.001
     0.001
     0.001
     0.001
     0.001
     0.001
     0.001
     0.001
     0.001
     0.001
     0.001
     0.001
     0.000
     0.000
     0.000
     0.000
     0.000
     0.000
     0.000
     0.000
     0.000
     0.000
     0.000
     0.000
     0.000
     0.000
     0.000
     0.000
     0.000
     0.000
     0.000
     0.000
     0.000
     0.000
     0.000
     0.000
     0.000
     0.000
     0.000
     0.000
     0.000
     0.000
     0.000
     0.000
     0.000
     0.000
     0.000
     0.000
     0.000
     0.000
     0.000
     0.000
     0.000
     0.000
     0.000
     0.000
     0.000
     0.000
     0.000
     0.000
     0.000
     0.000
     0.000
     0.000
     0.000
     0.000
     0.000
     0.000
     0.000
     0.000
     0.000
     0.000
     0.000
     0.000
     0.000
     0.000
     0.000
     0.000
     0.000
     0.000
     0.000
     0.000
     0.000
     0.000
     0.000
     0.000
     0.000
     0.000
     0.000
     0.000
     0.000
     0.000
     0.000
     0.000
     0.000
     0.000
     0.000
     0.000
     0.000
     0.000
     0.000
     0.000
     0.000
     0.000
     0.000
     0.000
     0.000
     0.000
     0.000
     0.000
     0.000
     0.000
     0.000
     0.000
     0.000
     0.000
     0.000
     0.000
     0.000
     0.000
     0.000
     0.000
     0.000
     0.000
     0.000
     0.000
     0.000
     0.000
     0.000
     0.000
     0.000
     0.000
     0.000
     0.000
     0.000
     0.000
     0.000
     0.000
     0.000
     0.000
     0.000
     0.000
     0.000
     0.000
     0.000
     0.000
     0.000
     0.000
     0.000
     0.000
     0.000
     0.000
     0.000
     0.000
     0.000
     0.000
     0.000
     0.000
     0.000
     0.000
     0.000
     0.000
     0.000
     0.000
     0.000
     0.000
     0.000
     0.000
     0.000
     0.000
     0.000
     0.000
     0.000
     0.000
     0.000
     0.000
     0.000
     0.000
     0.000
     0.000
     0.000
     0.000
     0.000
     0.000
     0.000
     0.000
     0.000
     0.000
     0.000
     0.000
     0.000
     0.000
     0.000
     0.000
     0.000
     0.000
     0.000
     0.000
     0.000
     0.000
     0.000
     0.000
     0.000
     0.000
     0.000
     0.000
     0.000
     0.000
     0.000
     0.000
     0.000
     0.000
     0.000
     0.000
     0.000
     0.000
     0.000
     0.000
     0.000
     0.000
     0.000
     0.000
     0.000
     0.000
     0.000
     0.000
     0.000
     0.000
     0.000
     0.000
     0.000
     0.000
     0.000
     0.000
     0.000
     0.000
     0.000
     0.000
     0.000
     0.000
     0.000
     0.000
     0.000
     0.000
     0.000
     0.000
     0.000
     0.000
     0.000
     0.000
     0.000
     0.000
     0.000
     0.000
     0.000
     0.000
     0.000
     0.000
     0.000
     0.000
     0.000
     0.000
     0.000
     0.000
     0.000
     0.000
     0.000
     0.000
     0.000
     0.000
     0.000
     0.000
     0.000
     0.000
     0.000
     0.000
     0.000
     0.000
     0.000
     0.000
     0.000
     0.000
     0.000
     0.000
     0.000
     0.000
     0.000
     0.000
     0.000
     0.000
     0.000
     0.000
     0.000
     0.000
     0.000
     0.000
     0.000
     0.000
     0.000
     0.000
     0.000
     0.000
     0.000
     0.000
     0.000
     0.000
     0.000
     0.000
     0.000
     0.000
     0.000
     0.000
     0.000
     0.000
     0.000
     0.000
     0.000
     0.000
     0.000
     0.000
     0.000
     0.000
     0.000
     0.000
     0.000
     0.000
     0.000
     0.000
     0.000
     0.000
     0.000
     0.000
     0.000
